G3dErrFileVersion 2025R1
FlagFileMetaData Begin
   Mesh Size - Setup2, Refinement, Pass #1, Freq. 2.400000e+09 :Title    
   Listing of mesh elements with poor quality. :ToolTip  
   hf3d :Author   
   1781550105 :TimeStamp
   mm :UnitName 
   1.0000000000000000e-03 :UnitConv
FlagFileMetaData End
BEGIN_ERR 
26 Small mesh segment detected on body : RadiatingSurface
 Small mesh segment detected on body : RadiatingSurface 
 Segment Statistics - Number of Segments : 1 --- Segment length(s) : 0.035000mm. The cutoff frequency for S-Matrix Only Solve is 1.89342605052632MHz 
3 -1  67  66  # nfids, fids[]
2 205  -1  # nbids, bids[]
      6 2 1 0 #ntets ntri ned npts
           1.2248635300134185e-16   5.6687500000000000e+01  -7.8700000000000003e-01 #xyz tv0
          -9.4487970734449540e+00   5.5642213091856611e+01   6.3908777814448492e-01 #xyz tv1
           0.0000000000000000e+00   7.5000000000000000e+01  -8.2199999999999995e-01 #xyz tv2
           0.0000000000000000e+00   7.5000000000000000e+01  -7.8700000000000003e-01 -1 205 #xyz tv3 fid bid
           0.0000000000000000e+00   7.5000000000000000e+01  -8.2199999999999995e-01 #xyz tv0
           0.0000000000000000e+00   7.5000000000000000e+01  -7.8700000000000003e-01 #xyz tv1
           1.5000000000000000e+01   6.5843750000000000e+01  -7.8700000000000003e-01 #xyz tv2
           1.2248635300134185e-16   5.6687500000000000e+01  -7.8700000000000003e-01 -1 205 #xyz tv3 fid bid
           0.0000000000000000e+00   7.5000000000000000e+01  -7.8700000000000003e-01 #xyz tv0
          -8.6184205285566744e+00   8.0671019135831585e+01   2.4546195888735585e+00 #xyz tv1
          -9.4487970734449540e+00   5.5642213091856611e+01   6.3908777814448492e-01 #xyz tv2
           0.0000000000000000e+00   7.5000000000000000e+01  -8.2199999999999995e-01 -1 205 #xyz tv3 fid bid
           0.0000000000000000e+00   7.5000000000000000e+01  -8.2199999999999995e-01 #xyz tv0
           1.5000000000000000e+01   6.5843750000000000e+01  -7.8700000000000003e-01 #xyz tv1
           0.0000000000000000e+00   7.5000000000000000e+01  -7.8700000000000003e-01 #xyz tv2
           3.0000000000000000e+01   7.5000000000000000e+01  -8.2199999999999995e-01 -1 205 #xyz tv3 fid bid
           0.0000000000000000e+00   7.5000000000000000e+01  -8.2199999999999995e-01 #xyz tv0
          -8.6184205285566744e+00   8.0671019135831585e+01   2.4546195888735585e+00 #xyz tv1
           1.3083331120805592e+01   9.2277589216216498e+01  -3.2025408427432946e+00 #xyz tv2
           0.0000000000000000e+00   7.5000000000000000e+01  -7.8700000000000003e-01 -1 205 #xyz tv3 fid bid
           0.0000000000000000e+00   7.5000000000000000e+01  -8.2199999999999995e-01 #xyz tv0
           1.3083331120805592e+01   9.2277589216216498e+01  -3.2025408427432946e+00 #xyz tv1
           3.0000000000000000e+01   7.5000000000000000e+01  -8.2199999999999995e-01 #xyz tv2
           0.0000000000000000e+00   7.5000000000000000e+01  -7.8700000000000003e-01 -1 205 #xyz tv3 fid bid
           3.0000000000000000e+01   7.5000000000000000e+01  -8.2199999999999995e-01 #xyz tv0
           0.0000000000000000e+00   7.5000000000000000e+01  -8.2199999999999995e-01 #xyz tv1
           0.0000000000000000e+00   7.5000000000000000e+01  -7.8700000000000003e-01 67 -1 #xyz tv2 fid bid
           1.2248635300134185e-16   5.6687500000000000e+01  -7.8700000000000003e-01 #xyz tv0
           0.0000000000000000e+00   7.5000000000000000e+01  -7.8700000000000003e-01 #xyz tv1
           0.0000000000000000e+00   7.5000000000000000e+01  -8.2199999999999995e-01 66 -1 #xyz tv2 fid bid
           0.0000000000000000e+00   7.5000000000000000e+01  -8.2199999999999995e-01 #xyz ev0
           0.0000000000000000e+00   7.5000000000000000e+01  -7.8700000000000003e-01 -1 205 #xyz ev1 fid bid
   0   0.000000000000e+00   0.000000000000e+00   0.000000000000e+00 #flag location
END_ERR 
G3dErrFileVersion 2025R1
FlagFileMetaData Begin
   Mesh Size - Setup2, Refinement, Pass #2, Freq. 2.400000e+09 :Title    
   Listing of mesh elements with poor quality. :ToolTip  
   hf3d :Author   
   1781550108 :TimeStamp
   mm :UnitName 
   1.0000000000000000e-03 :UnitConv
FlagFileMetaData End
BEGIN_ERR 
26 Small mesh segment detected on body : RadiatingSurface
 Small mesh segment detected on body : RadiatingSurface 
 Segment Statistics - Number of Segments : 1 --- Segment length(s) : 0.035000mm. The cutoff frequency for S-Matrix Only Solve is 1.89342605052632MHz 
3 -1  67  66  # nfids, fids[]
2 205  -1  # nbids, bids[]
      5 2 1 0 #ntets ntri ned npts
           0.0000000000000000e+00   7.5000000000000000e+01  -8.2199999999999995e-01 #xyz tv0
           6.1243176500670924e-17   6.5843750000000000e+01  -7.8700000000000003e-01 #xyz tv1
          -8.1991578486399739e+00   8.0297491574953881e+01   2.4376072952558778e+00 #xyz tv2
           0.0000000000000000e+00   7.5000000000000000e+01  -7.8700000000000003e-01 -1 205 #xyz tv3 fid bid
           0.0000000000000000e+00   7.5000000000000000e+01  -8.2199999999999995e-01 #xyz tv0
          -8.1991578486399739e+00   8.0297491574953881e+01   2.4376072952558778e+00 #xyz tv1
           1.2851662227782377e+01   9.0306439036308149e+01  -3.5255135380877669e+00 #xyz tv2
           0.0000000000000000e+00   7.5000000000000000e+01  -7.8700000000000003e-01 -1 205 #xyz tv3 fid bid
           6.1243176500670924e-17   6.5843750000000000e+01  -7.8700000000000003e-01 #xyz tv0
           0.0000000000000000e+00   7.5000000000000000e+01  -8.2199999999999995e-01 #xyz tv1
           1.5000000000000000e+01   6.5843750000000000e+01  -7.8700000000000003e-01 #xyz tv2
           0.0000000000000000e+00   7.5000000000000000e+01  -7.8700000000000003e-01 -1 205 #xyz tv3 fid bid
           0.0000000000000000e+00   7.5000000000000000e+01  -8.2199999999999995e-01 #xyz tv0
           1.2851662227782377e+01   9.0306439036308149e+01  -3.5255135380877669e+00 #xyz tv1
           3.0000000000000000e+01   7.5000000000000000e+01  -8.2199999999999995e-01 #xyz tv2
           0.0000000000000000e+00   7.5000000000000000e+01  -7.8700000000000003e-01 -1 205 #xyz tv3 fid bid
           0.0000000000000000e+00   7.5000000000000000e+01  -8.2199999999999995e-01 #xyz tv0
           1.5000000000000000e+01   6.5843750000000000e+01  -7.8700000000000003e-01 #xyz tv1
           0.0000000000000000e+00   7.5000000000000000e+01  -7.8700000000000003e-01 #xyz tv2
           3.0000000000000000e+01   7.5000000000000000e+01  -8.2199999999999995e-01 -1 205 #xyz tv3 fid bid
           3.0000000000000000e+01   7.5000000000000000e+01  -8.2199999999999995e-01 #xyz tv0
           0.0000000000000000e+00   7.5000000000000000e+01  -8.2199999999999995e-01 #xyz tv1
           0.0000000000000000e+00   7.5000000000000000e+01  -7.8700000000000003e-01 67 -1 #xyz tv2 fid bid
           6.1243176500670924e-17   6.5843750000000000e+01  -7.8700000000000003e-01 #xyz tv0
           0.0000000000000000e+00   7.5000000000000000e+01  -7.8700000000000003e-01 #xyz tv1
           0.0000000000000000e+00   7.5000000000000000e+01  -8.2199999999999995e-01 66 -1 #xyz tv2 fid bid
           0.0000000000000000e+00   7.5000000000000000e+01  -8.2199999999999995e-01 #xyz ev0
           0.0000000000000000e+00   7.5000000000000000e+01  -7.8700000000000003e-01 -1 205 #xyz ev1 fid bid
   0   0.000000000000e+00   0.000000000000e+00   0.000000000000e+00 #flag location
END_ERR 
G3dErrFileVersion 2025R1
FlagFileMetaData Begin
   Mesh Size - Setup2, Refinement, Pass #3, Freq. 2.400000e+09 :Title    
   Listing of mesh elements with poor quality. :ToolTip  
   hf3d :Author   
   1781550110 :TimeStamp
   mm :UnitName 
   1.0000000000000000e-03 :UnitConv
FlagFileMetaData End
BEGIN_ERR 
26 Small mesh segment detected on body : RadiatingSurface
 Small mesh segment detected on body : RadiatingSurface 
 Segment Statistics - Number of Segments : 1 --- Segment length(s) : 0.017500mm. The cutoff frequency for S-Matrix Only Solve is 1.89342605052632MHz 
1 -1  # nfids, fids[]
1 205  # nbids, bids[]
      7 0 1 0 #ntets ntri ned npts
           8.3699999999999992e+00   4.0943420138888889e+01   0.0000000000000000e+00 #xyz tv0
           1.0211250000000000e+01   4.3511840277777786e+01   1.7499999999999998e-02 #xyz tv1
           6.5099659207818927e+00   4.3499922497166018e+01   0.0000000000000000e+00 #xyz tv2
           1.0211250000000000e+01   4.3511840277777786e+01   0.0000000000000000e+00 -1 205 #xyz tv3 fid bid
           6.5099659207818927e+00   4.3499922497166018e+01   0.0000000000000000e+00 #xyz tv0
           1.0211250000000000e+01   4.3511840277777786e+01   0.0000000000000000e+00 #xyz tv1
           1.0211250000000000e+01   4.3511840277777786e+01   1.7499999999999998e-02 #xyz tv2
           6.4911818415637850e+00   4.8624844994332044e+01   0.0000000000000000e+00 -1 205 #xyz tv3 fid bid
           1.3057499999999999e+01   3.8375000000000000e+01   3.4999999999999996e-02 #xyz tv0
           8.3699999999999992e+00   4.0943420138888889e+01   0.0000000000000000e+00 #xyz tv1
           1.0211250000000000e+01   4.3511840277777786e+01   0.0000000000000000e+00 #xyz tv2
           1.0211250000000000e+01   4.3511840277777786e+01   1.7499999999999998e-02 -1 205 #xyz tv3 fid bid
           1.0211250000000000e+01   4.3511840277777786e+01   1.7499999999999998e-02 #xyz tv0
           1.0211250000000000e+01   4.3511840277777786e+01   0.0000000000000000e+00 #xyz tv1
           1.3614999999999998e+01   4.8539999999999999e+01   0.0000000000000000e+00 #xyz tv2
           6.4911818415637850e+00   4.8624844994332044e+01   0.0000000000000000e+00 -1 205 #xyz tv3 fid bid
           1.3614999999999998e+01   3.8875000000000000e+01   3.4999999999999996e-02 #xyz tv0
           1.3057499999999999e+01   3.8375000000000000e+01   3.4999999999999996e-02 #xyz tv1
           1.0211250000000000e+01   4.3511840277777786e+01   0.0000000000000000e+00 #xyz tv2
           1.0211250000000000e+01   4.3511840277777786e+01   1.7499999999999998e-02 -1 205 #xyz tv3 fid bid
           1.0211250000000000e+01   4.3511840277777786e+01   1.7499999999999998e-02 #xyz tv0
           1.3614999999999998e+01   4.3707499999999996e+01   0.0000000000000000e+00 #xyz tv1
           1.3614999999999998e+01   4.8539999999999999e+01   0.0000000000000000e+00 #xyz tv2
           1.0211250000000000e+01   4.3511840277777786e+01   0.0000000000000000e+00 -1 205 #xyz tv3 fid bid
           1.3614999999999998e+01   3.8875000000000000e+01   3.4999999999999996e-02 #xyz tv0
           1.0211250000000000e+01   4.3511840277777786e+01   0.0000000000000000e+00 #xyz tv1
           1.3614999999999998e+01   4.3707499999999996e+01   0.0000000000000000e+00 #xyz tv2
           1.0211250000000000e+01   4.3511840277777786e+01   1.7499999999999998e-02 -1 205 #xyz tv3 fid bid
           1.0211250000000000e+01   4.3511840277777786e+01   1.7499999999999998e-02 #xyz ev0
           1.0211250000000000e+01   4.3511840277777786e+01   0.0000000000000000e+00 -1 205 #xyz ev1 fid bid
   0   0.000000000000e+00   0.000000000000e+00   0.000000000000e+00 #flag location
END_ERR 
G3dErrFileVersion 2025R1
FlagFileMetaData Begin
   Mesh Size - Setup2, Refinement, Pass #4, Freq. 2.400000e+09 :Title    
   Listing of mesh elements with poor quality. :ToolTip  
   hf3d :Author   
   1781550113 :TimeStamp
   mm :UnitName 
   1.0000000000000000e-03 :UnitConv
FlagFileMetaData End
BEGIN_ERR 
26 Small mesh segment detected on body : RadiatingSurface
 Small mesh segment detected on body : RadiatingSurface 
 Segment Statistics - Number of Segments : 1 --- Segment length(s) : 0.017500mm. The cutoff frequency for S-Matrix Only Solve is 1.89342605052632MHz 
1 -1  # nfids, fids[]
1 205  # nbids, bids[]
      6 0 1 0 #ntets ntri ned npts
           8.3699999999999992e+00   4.0943420138888889e+01   0.0000000000000000e+00 #xyz tv0
           1.0211250000000000e+01   4.3511840277777793e+01   1.7499999999999998e-02 #xyz tv1
           6.5099659207818927e+00   4.3499922497166018e+01   0.0000000000000000e+00 #xyz tv2
           1.0211250000000000e+01   4.3511840277777793e+01   0.0000000000000000e+00 -1 205 #xyz tv3 fid bid
           6.5099659207818927e+00   4.3499922497166018e+01   0.0000000000000000e+00 #xyz tv0
           1.0211250000000000e+01   4.3511840277777793e+01   0.0000000000000000e+00 #xyz tv1
           1.0211250000000000e+01   4.3511840277777793e+01   1.7499999999999998e-02 #xyz tv2
           6.4911818415637850e+00   4.8624844994332051e+01   0.0000000000000000e+00 -1 205 #xyz tv3 fid bid
           8.3699999999999992e+00   4.0943420138888889e+01   0.0000000000000000e+00 #xyz tv0
           1.1913125000000001e+01   4.1193420138888897e+01   0.0000000000000000e+00 #xyz tv1
           1.0211250000000000e+01   4.3511840277777793e+01   1.7499999999999998e-02 #xyz tv2
           1.0211250000000000e+01   4.3511840277777793e+01   0.0000000000000000e+00 -1 205 #xyz tv3 fid bid
           1.0211250000000000e+01   4.3511840277777793e+01   1.7499999999999998e-02 #xyz tv0
           1.0211250000000000e+01   4.3511840277777793e+01   0.0000000000000000e+00 #xyz tv1
           1.3614999999999998e+01   4.8539999999999999e+01   0.0000000000000000e+00 #xyz tv2
           6.4911818415637850e+00   4.8624844994332051e+01   0.0000000000000000e+00 -1 205 #xyz tv3 fid bid
           1.0211250000000000e+01   4.3511840277777793e+01   1.7499999999999998e-02 #xyz tv0
           1.1913125000000001e+01   4.1193420138888897e+01   0.0000000000000000e+00 #xyz tv1
           1.3614999999999998e+01   4.3707499999999996e+01   0.0000000000000000e+00 #xyz tv2
           1.0211250000000000e+01   4.3511840277777793e+01   0.0000000000000000e+00 -1 205 #xyz tv3 fid bid
           1.0211250000000000e+01   4.3511840277777793e+01   1.7499999999999998e-02 #xyz tv0
           1.3614999999999998e+01   4.3707499999999996e+01   0.0000000000000000e+00 #xyz tv1
           1.3614999999999998e+01   4.8539999999999999e+01   0.0000000000000000e+00 #xyz tv2
           1.0211250000000000e+01   4.3511840277777793e+01   0.0000000000000000e+00 -1 205 #xyz tv3 fid bid
           1.0211250000000000e+01   4.3511840277777793e+01   1.7499999999999998e-02 #xyz ev0
           1.0211250000000000e+01   4.3511840277777793e+01   0.0000000000000000e+00 -1 205 #xyz ev1 fid bid
   0   0.000000000000e+00   0.000000000000e+00   0.000000000000e+00 #flag location
END_ERR 
G3dErrFileVersion 2025R1
FlagFileMetaData Begin
   Mesh Size - Setup2, Refinement, Pass #5, Freq. 2.400000e+09 :Title    
   Listing of mesh elements with poor quality. :ToolTip  
   hf3d :Author   
   1781550116 :TimeStamp
   mm :UnitName 
   1.0000000000000000e-03 :UnitConv
FlagFileMetaData End
BEGIN_ERR 
26 Small mesh segment detected on body : RadiatingSurface
 Small mesh segment detected on body : RadiatingSurface 
 Segment Statistics - Number of Segments : 1 --- Segment length(s) : 0.017500mm. The cutoff frequency for S-Matrix Only Solve is 1.89342605052632MHz 
1 -1  # nfids, fids[]
1 205  # nbids, bids[]
      5 0 1 0 #ntets ntri ned npts
           3.3596111111111114e+01   6.2403749999999995e+01   1.7499999999999998e-02 #xyz tv0
           3.3596111111111114e+01   6.2403749999999995e+01   0.0000000000000000e+00 #xyz tv1
           3.8192499999999995e+01   5.8204999999999998e+01   0.0000000000000000e+00 #xyz tv2
           3.7947180934672289e+01   6.7187292635885029e+01   0.0000000000000000e+00 -1 205 #xyz tv3 fid bid
           3.2048124999999999e+01   5.8204999999999998e+01   3.4999999999999996e-02 #xyz tv0
           3.3596111111111114e+01   6.2403749999999995e+01   0.0000000000000000e+00 #xyz tv1
           3.8192499999999995e+01   5.8204999999999998e+01   0.0000000000000000e+00 #xyz tv2
           3.3596111111111114e+01   6.2403749999999995e+01   1.7499999999999998e-02 -1 205 #xyz tv3 fid bid
           3.3596111111111114e+01   6.2403749999999995e+01   1.7499999999999998e-02 #xyz tv0
           2.6991669909853712e+01   6.7941224738811997e+01   0.0000000000000000e+00 #xyz tv1
           3.3596111111111114e+01   6.2403749999999995e+01   0.0000000000000000e+00 #xyz tv2
           3.7947180934672289e+01   6.7187292635885029e+01   0.0000000000000000e+00 -1 205 #xyz tv3 fid bid
           3.2048124999999999e+01   5.8204999999999998e+01   3.4999999999999996e-02 #xyz tv0
           2.5444913805344953e+01   6.2012534853338593e+01   0.0000000000000000e+00 #xyz tv1
           3.3596111111111114e+01   6.2403749999999995e+01   0.0000000000000000e+00 #xyz tv2
           3.3596111111111114e+01   6.2403749999999995e+01   1.7499999999999998e-02 -1 205 #xyz tv3 fid bid
           2.5444913805344953e+01   6.2012534853338593e+01   0.0000000000000000e+00 #xyz tv0
           3.3596111111111114e+01   6.2403749999999995e+01   0.0000000000000000e+00 #xyz tv1
           3.3596111111111114e+01   6.2403749999999995e+01   1.7499999999999998e-02 #xyz tv2
           2.6991669909853712e+01   6.7941224738811997e+01   0.0000000000000000e+00 -1 205 #xyz tv3 fid bid
           3.3596111111111114e+01   6.2403749999999995e+01   1.7499999999999998e-02 #xyz ev0
           3.3596111111111114e+01   6.2403749999999995e+01   0.0000000000000000e+00 -1 205 #xyz ev1 fid bid
   0   0.000000000000e+00   0.000000000000e+00   0.000000000000e+00 #flag location
END_ERR 
G3dErrFileVersion 2025R1
FlagFileMetaData Begin
   Mesh Size - Setup2, Refinement, Pass #6, Freq. 2.400000e+09 :Title    
   Listing of mesh elements with poor quality. :ToolTip  
   hf3d :Author   
   1781550119 :TimeStamp
   mm :UnitName 
   1.0000000000000000e-03 :UnitConv
FlagFileMetaData End
BEGIN_ERR 
26 Small mesh segment detected on body : RadiatingSurface
 Small mesh segment detected on body : RadiatingSurface 
 Segment Statistics - Number of Segments : 1 --- Segment length(s) : 0.017500mm. The cutoff frequency for S-Matrix Only Solve is 1.89342605052632MHz 
1 -1  # nfids, fids[]
1 205  # nbids, bids[]
      6 0 1 0 #ntets ntri ned npts
           3.3596111111111114e+01   6.2403749999999995e+01   1.7499999999999998e-02 #xyz tv0
           3.3596111111111114e+01   6.2403749999999995e+01   0.0000000000000000e+00 #xyz tv1
           3.8384511718749998e+01   5.8204999999999998e+01   0.0000000000000000e+00 #xyz tv2
           3.7947180934672289e+01   6.7187292635885029e+01   0.0000000000000000e+00 -1 205 #xyz tv3 fid bid
           3.3596111111111114e+01   6.2403749999999995e+01   1.7499999999999998e-02 #xyz tv0
           3.3596111111111114e+01   6.2403749999999995e+01   0.0000000000000000e+00 #xyz tv1
           3.4608281249999997e+01   5.8204999999999998e+01   0.0000000000000000e+00 #xyz tv2
           3.8384511718749998e+01   5.8204999999999998e+01   0.0000000000000000e+00 -1 205 #xyz tv3 fid bid
           3.0602552755185087e+01   6.5678598407569467e+01   0.0000000000000000e+00 #xyz tv0
           3.3596111111111114e+01   6.2403749999999995e+01   1.7499999999999998e-02 #xyz tv1
           3.7947180934672289e+01   6.7187292635885029e+01   0.0000000000000000e+00 #xyz tv2
           3.3596111111111114e+01   6.2403749999999995e+01   0.0000000000000000e+00 -1 205 #xyz tv3 fid bid
           3.3596111111111114e+01   6.2403749999999995e+01   1.7499999999999998e-02 #xyz tv0
           3.4608281249999997e+01   5.8204999999999998e+01   0.0000000000000000e+00 #xyz tv1
           3.3596111111111114e+01   6.2403749999999995e+01   0.0000000000000000e+00 #xyz tv2
           3.1424086914062503e+01   5.8204999999999998e+01   3.4999999999999996e-02 -1 205 #xyz tv3 fid bid
           3.3596111111111114e+01   6.2403749999999995e+01   1.7499999999999998e-02 #xyz tv0
           3.0658976505241206e+01   6.1688743684702999e+01   0.0000000000000000e+00 #xyz tv1
           3.3596111111111114e+01   6.2403749999999995e+01   0.0000000000000000e+00 #xyz tv2
           3.0602552755185087e+01   6.5678598407569467e+01   0.0000000000000000e+00 -1 205 #xyz tv3 fid bid
           3.3596111111111114e+01   6.2403749999999995e+01   1.7499999999999998e-02 #xyz tv0
           3.3596111111111114e+01   6.2403749999999995e+01   0.0000000000000000e+00 #xyz tv1
           3.0658976505241206e+01   6.1688743684702999e+01   0.0000000000000000e+00 #xyz tv2
           3.1424086914062503e+01   5.8204999999999998e+01   3.4999999999999996e-02 -1 205 #xyz tv3 fid bid
           3.3596111111111114e+01   6.2403749999999995e+01   1.7499999999999998e-02 #xyz ev0
           3.3596111111111114e+01   6.2403749999999995e+01   0.0000000000000000e+00 -1 205 #xyz ev1 fid bid
   0   0.000000000000e+00   0.000000000000e+00   0.000000000000e+00 #flag location
END_ERR 
G3dErrFileVersion 2025R1
FlagFileMetaData Begin
   Mesh Size - Setup2, Refinement, Pass #7, Freq. 2.400000e+09 :Title    
   Listing of mesh elements with poor quality. :ToolTip  
   hf3d :Author   
   1781550121 :TimeStamp
   mm :UnitName 
   1.0000000000000000e-03 :UnitConv
FlagFileMetaData End
BEGIN_ERR 
26 Small mesh segment detected on body : RadiatingSurface
 Small mesh segment detected on body : RadiatingSurface 
 Segment Statistics - Number of Segments : 1 --- Segment length(s) : 0.017500mm. The cutoff frequency for S-Matrix Only Solve is 1.89342605052632MHz 
1 -1  # nfids, fids[]
1 205  # nbids, bids[]
      7 0 1 0 #ntets ntri ned npts
           3.7226374207839953e+01   6.2590558758685496e+01   0.0000000000000000e+00 #xyz tv0
           3.7947180934672289e+01   6.7187292635885029e+01   0.0000000000000000e+00 #xyz tv1
           3.3596111111111114e+01   6.2403749999999995e+01   1.7499999999999998e-02 #xyz tv2
           3.3596111111111114e+01   6.2403749999999995e+01   0.0000000000000000e+00 -1 205 #xyz tv3 fid bid
           3.0734333065127430e+01   6.5909670104185537e+01   0.0000000000000000e+00 #xyz tv0
           3.3596111111111114e+01   6.2403749999999995e+01   1.7499999999999998e-02 #xyz tv1
           3.7947180934672289e+01   6.7187292635885029e+01   0.0000000000000000e+00 #xyz tv2
           3.3596111111111114e+01   6.2403749999999995e+01   0.0000000000000000e+00 -1 205 #xyz tv3 fid bid
           3.7226374207839953e+01   6.2590558758685496e+01   0.0000000000000000e+00 #xyz tv0
           3.3596111111111114e+01   6.2403749999999995e+01   1.7499999999999998e-02 #xyz tv1
           3.8432514648437497e+01   5.8204999999999998e+01   0.0000000000000000e+00 #xyz tv2
           3.3596111111111114e+01   6.2403749999999995e+01   0.0000000000000000e+00 -1 205 #xyz tv3 fid bid
           3.3596111111111114e+01   6.2403749999999995e+01   1.7499999999999998e-02 #xyz tv0
           3.0250818080216629e+01   6.1727985665927157e+01   0.0000000000000000e+00 #xyz tv1
           3.3596111111111114e+01   6.2403749999999995e+01   0.0000000000000000e+00 #xyz tv2
           3.0734333065127430e+01   6.5909670104185537e+01   0.0000000000000000e+00 -1 205 #xyz tv3 fid bid
           3.3596111111111114e+01   6.2403749999999995e+01   1.7499999999999998e-02 #xyz tv0
           3.3596111111111114e+01   6.2403749999999995e+01   0.0000000000000000e+00 #xyz tv1
           3.4608281249999997e+01   5.8204999999999998e+01   0.0000000000000000e+00 #xyz tv2
           3.8432514648437497e+01   5.8204999999999998e+01   0.0000000000000000e+00 -1 205 #xyz tv3 fid bid
           3.3596111111111114e+01   6.2403749999999995e+01   1.7499999999999998e-02 #xyz tv0
           3.3596111111111114e+01   6.2403749999999995e+01   0.0000000000000000e+00 #xyz tv1
           3.0250818080216629e+01   6.1727985665927157e+01   0.0000000000000000e+00 #xyz tv2
           3.1379084167480467e+01   5.8204999999999998e+01   3.4999999999999996e-02 -1 205 #xyz tv3 fid bid
           3.3596111111111114e+01   6.2403749999999995e+01   1.7499999999999998e-02 #xyz tv0
           3.4608281249999997e+01   5.8204999999999998e+01   0.0000000000000000e+00 #xyz tv1
           3.3596111111111114e+01   6.2403749999999995e+01   0.0000000000000000e+00 #xyz tv2
           3.1379084167480467e+01   5.8204999999999998e+01   3.4999999999999996e-02 -1 205 #xyz tv3 fid bid
           3.3596111111111114e+01   6.2403749999999995e+01   0.0000000000000000e+00 #xyz ev0
           3.3596111111111114e+01   6.2403749999999995e+01   1.7499999999999998e-02 -1 205 #xyz ev1 fid bid
   0   0.000000000000e+00   0.000000000000e+00   0.000000000000e+00 #flag location
END_ERR 
G3dErrFileVersion 2025R1
FlagFileMetaData Begin
   Mesh Size - Setup2, Refinement, Pass #8, Freq. 2.400000e+09 :Title    
   Listing of mesh elements with poor quality. :ToolTip  
   hf3d :Author   
   1781550124 :TimeStamp
   mm :UnitName 
   1.0000000000000000e-03 :UnitConv
FlagFileMetaData End
BEGIN_ERR 
26 Small mesh segment detected on body : RadiatingSurface
 Small mesh segment detected on body : RadiatingSurface 
 Segment Statistics - Number of Segments : 1 --- Segment length(s) : 0.017500mm. The cutoff frequency for S-Matrix Only Solve is 1.89342605052632MHz 
1 -1  # nfids, fids[]
1 205  # nbids, bids[]
      7 0 1 0 #ntets ntri ned npts
           3.3596111111111114e+01   6.2403749999999995e+01   1.7499999999999998e-02 #xyz tv0
           3.4843795623779300e+01   5.8204999999999998e+01   0.0000000000000000e+00 #xyz tv1
           3.6017138265625057e+01   6.0330320660928535e+01   0.0000000000000000e+00 #xyz tv2
           3.3596111111111114e+01   6.2403749999999995e+01   0.0000000000000000e+00 -1 205 #xyz tv3 fid bid
           3.6017138265625057e+01   6.0330320660928535e+01   0.0000000000000000e+00 #xyz tv0
           3.7226374207839953e+01   6.2590558758685496e+01   0.0000000000000000e+00 #xyz tv1
           3.3596111111111114e+01   6.2403749999999995e+01   1.7499999999999998e-02 #xyz tv2
           3.3596111111111114e+01   6.2403749999999995e+01   0.0000000000000000e+00 -1 205 #xyz tv3 fid bid
           3.3596111111111114e+01   6.2403749999999995e+01   1.7499999999999998e-02 #xyz tv0
           3.4843795623779300e+01   5.8204999999999998e+01   0.0000000000000000e+00 #xyz tv1
           3.3596111111111114e+01   6.2403749999999995e+01   0.0000000000000000e+00 #xyz tv2
           3.1406753336638214e+01   5.8204999999999998e+01   3.4999999999999996e-02 -1 205 #xyz tv3 fid bid
           3.7226374207839953e+01   6.2590558758685496e+01   0.0000000000000000e+00 #xyz tv0
           3.7947180934672289e+01   6.7187292635885029e+01   0.0000000000000000e+00 #xyz tv1
           3.3596111111111114e+01   6.2403749999999995e+01   1.7499999999999998e-02 #xyz tv2
           3.3596111111111114e+01   6.2403749999999995e+01   0.0000000000000000e+00 -1 205 #xyz tv3 fid bid
           3.3596111111111114e+01   6.2403749999999995e+01   1.7499999999999998e-02 #xyz tv0
           3.3596111111111114e+01   6.2403749999999995e+01   0.0000000000000000e+00 #xyz tv1
           3.0250818080216632e+01   6.1727985665927157e+01   0.0000000000000000e+00 #xyz tv2
           3.1406753336638214e+01   5.8204999999999998e+01   3.4999999999999996e-02 -1 205 #xyz tv3 fid bid
           3.0787270920855164e+01   6.6015802209440778e+01   0.0000000000000000e+00 #xyz tv0
           3.3596111111111114e+01   6.2403749999999995e+01   1.7499999999999998e-02 #xyz tv1
           3.7947180934672289e+01   6.7187292635885029e+01   0.0000000000000000e+00 #xyz tv2
           3.3596111111111114e+01   6.2403749999999995e+01   0.0000000000000000e+00 -1 205 #xyz tv3 fid bid
           3.3596111111111114e+01   6.2403749999999995e+01   1.7499999999999998e-02 #xyz tv0
           3.0250818080216632e+01   6.1727985665927157e+01   0.0000000000000000e+00 #xyz tv1
           3.3596111111111114e+01   6.2403749999999995e+01   0.0000000000000000e+00 #xyz tv2
           3.0787270920855164e+01   6.6015802209440778e+01   0.0000000000000000e+00 -1 205 #xyz tv3 fid bid
           3.3596111111111114e+01   6.2403749999999995e+01   0.0000000000000000e+00 #xyz ev0
           3.3596111111111114e+01   6.2403749999999995e+01   1.7499999999999998e-02 -1 205 #xyz ev1 fid bid
   0   0.000000000000e+00   0.000000000000e+00   0.000000000000e+00 #flag location
END_ERR 
G3dErrFileVersion 2025R1
FlagFileMetaData Begin
   Mesh Size - Setup2, Refinement, Pass #9, Freq. 2.400000e+09 :Title    
   Listing of mesh elements with poor quality. :ToolTip  
   hf3d :Author   
   1781550127 :TimeStamp
   mm :UnitName 
   1.0000000000000000e-03 :UnitConv
FlagFileMetaData End
BEGIN_ERR 
26 Small mesh segment detected on body : RadiatingSurface
 Small mesh segment detected on body : RadiatingSurface 
 Segment Statistics - Number of Segments : 1 --- Segment length(s) : 0.018373mm. The cutoff frequency for S-Matrix Only Solve is 1.89342605052632MHz 
1 -1  # nfids, fids[]
1 205  # nbids, bids[]
      4 0 1 0 #ntets ntri ned npts
           4.9561833333333333e+01   3.9323863501798357e+01   1.7499999999999998e-02 #xyz tv0
           4.9688314452211586e+01   4.3301250584633671e+01   0.0000000000000000e+00 #xyz tv1
           4.9561833333333333e+01   3.9329458744049077e+01   0.0000000000000000e+00 #xyz tv2
           5.2738666666666667e+01   3.7241187500000002e+01   0.0000000000000000e+00 -1 205 #xyz tv3 fid bid
           4.9561833333333333e+01   3.9323863501798357e+01   1.7499999999999998e-02 #xyz tv0
           4.9561833333333333e+01   3.9329458744049077e+01   0.0000000000000000e+00 #xyz tv1
           4.9688314452211586e+01   4.3301250584633671e+01   0.0000000000000000e+00 #xyz tv2
           4.6384999999999998e+01   4.1406539503596719e+01   3.4999999999999996e-02 -1 205 #xyz tv3 fid bid
           4.9561833333333333e+01   3.9323863501798357e+01   1.7499999999999998e-02 #xyz tv0
           4.9561833333333333e+01   3.9329458744049077e+01   0.0000000000000000e+00 #xyz tv1
           4.6384999999999998e+01   3.7025574040394275e+01   0.0000000000000000e+00 #xyz tv2
           5.2738666666666667e+01   3.7241187500000002e+01   0.0000000000000000e+00 -1 205 #xyz tv3 fid bid
           4.9561833333333333e+01   3.9323863501798357e+01   1.7499999999999998e-02 #xyz tv0
           4.6384999999999998e+01   3.7025574040394275e+01   0.0000000000000000e+00 #xyz tv1
           4.9561833333333333e+01   3.9329458744049077e+01   0.0000000000000000e+00 #xyz tv2
           4.6384999999999998e+01   4.1406539503596719e+01   3.4999999999999996e-02 -1 205 #xyz tv3 fid bid
           4.9561833333333333e+01   3.9323863501798357e+01   1.7499999999999998e-02 #xyz ev0
           4.9561833333333333e+01   3.9329458744049077e+01   0.0000000000000000e+00 -1 205 #xyz ev1 fid bid
   0   0.000000000000e+00   0.000000000000e+00   0.000000000000e+00 #flag location
END_ERR 
G3dErrFileVersion 2025R1
FlagFileMetaData Begin
   Mesh Size - Setup2, Refinement, Pass #10, Freq. 2.400000e+09 :Title    
   Listing of mesh elements with poor quality. :ToolTip  
   hf3d :Author   
   1781550130 :TimeStamp
   mm :UnitName 
   1.0000000000000000e-03 :UnitConv
FlagFileMetaData End
BEGIN_ERR 
26 Small mesh segment detected on body : RadiatingSurface
 Small mesh segment detected on body : RadiatingSurface 
 Segment Statistics - Number of Segments : 1 --- Segment length(s) : 0.035000mm. The cutoff frequency for S-Matrix Only Solve is 1.89342605052632MHz 
3 -1  67  68  # nfids, fids[]
2 205  -1  # nbids, bids[]
      7 2 1 0 #ntets ntri ned npts
           4.5000000000000000e+01   7.5000000000000000e+01  -8.2199999999999995e-01 #xyz tv0
           6.0000000000000000e+01   7.5000000000000000e+01  -7.8700000000000003e-01 #xyz tv1
           4.8827879952023821e+01   9.1004381227066290e+01  -1.0550958019429078e+00 #xyz tv2
           6.0000000000000000e+01   7.5000000000000000e+01  -8.2199999999999995e-01 -1 205 #xyz tv3 fid bid
           6.0000000000000000e+01   7.5000000000000000e+01  -7.8700000000000003e-01 #xyz tv0
           7.6933412819709218e+01   8.8185313269590495e+01   1.7197007014330024e+00 #xyz tv1
           4.8827879952023821e+01   9.1004381227066290e+01  -1.0550958019429078e+00 #xyz tv2
           6.0000000000000000e+01   7.5000000000000000e+01  -8.2199999999999995e-01 -1 205 #xyz tv3 fid bid
           6.0000000000000000e+01   7.5000000000000000e+01  -7.8700000000000003e-01 #xyz tv0
           4.5000000000000000e+01   7.5000000000000000e+01  -8.2199999999999995e-01 #xyz tv1
           4.4541510908136829e+01   6.4329762088693485e+01  -7.8700000000000003e-01 #xyz tv2
           6.0000000000000000e+01   7.5000000000000000e+01  -8.2199999999999995e-01 -1 205 #xyz tv3 fid bid
           6.0000000000000000e+01   7.5000000000000000e+01  -8.2199999999999995e-01 #xyz tv0
           7.6933412819709218e+01   8.8185313269590495e+01   1.7197007014330024e+00 #xyz tv1
           7.8736480674722685e+01   5.4932477049612132e+01   7.5375555682491524e-01 #xyz tv2
           6.0000000000000000e+01   7.5000000000000000e+01  -7.8700000000000003e-01 -1 205 #xyz tv3 fid bid
           6.0000000000000000e+01   7.5000000000000000e+01  -8.2199999999999995e-01 #xyz tv0
           4.4541510908136829e+01   6.4329762088693485e+01  -7.8700000000000003e-01 #xyz tv1
           6.0000000000000000e+01   7.5000000000000000e+01  -7.8700000000000003e-01 #xyz tv2
           5.1856056640353685e+01   6.4035378679070519e+01  -7.8700000000000003e-01 -1 205 #xyz tv3 fid bid
           6.0000000000000000e+01   6.5625000000000000e+01  -7.8700000000000003e-01 #xyz tv0
           6.0000000000000000e+01   7.5000000000000000e+01  -8.2199999999999995e-01 #xyz tv1
           7.8736480674722685e+01   5.4932477049612132e+01   7.5375555682491524e-01 #xyz tv2
           6.0000000000000000e+01   7.5000000000000000e+01  -7.8700000000000003e-01 -1 205 #xyz tv3 fid bid
           5.1856056640353685e+01   6.4035378679070519e+01  -7.8700000000000003e-01 #xyz tv0
           6.0000000000000000e+01   7.5000000000000000e+01  -7.8700000000000003e-01 #xyz tv1
           6.0000000000000000e+01   7.5000000000000000e+01  -8.2199999999999995e-01 #xyz tv2
           6.0000000000000000e+01   6.5625000000000000e+01  -7.8700000000000003e-01 -1 205 #xyz tv3 fid bid
           4.5000000000000000e+01   7.5000000000000000e+01  -8.2199999999999995e-01 #xyz tv0
           6.0000000000000000e+01   7.5000000000000000e+01  -7.8700000000000003e-01 #xyz tv1
           6.0000000000000000e+01   7.5000000000000000e+01  -8.2199999999999995e-01 67 -1 #xyz tv2 fid bid
           6.0000000000000000e+01   6.5625000000000000e+01  -7.8700000000000003e-01 #xyz tv0
           6.0000000000000000e+01   7.5000000000000000e+01  -8.2199999999999995e-01 #xyz tv1
           6.0000000000000000e+01   7.5000000000000000e+01  -7.8700000000000003e-01 68 -1 #xyz tv2 fid bid
           6.0000000000000000e+01   7.5000000000000000e+01  -7.8700000000000003e-01 #xyz ev0
           6.0000000000000000e+01   7.5000000000000000e+01  -8.2199999999999995e-01 -1 205 #xyz ev1 fid bid
   0   0.000000000000e+00   0.000000000000e+00   0.000000000000e+00 #flag location
END_ERR 
G3dErrFileVersion 2025R1
FlagFileMetaData Begin
   Mesh Size - Setup2, Refinement, Pass #11, Freq. 2.400000e+09 :Title    
   Listing of mesh elements with poor quality. :ToolTip  
   hf3d :Author   
   1781550133 :TimeStamp
   mm :UnitName 
   1.0000000000000000e-03 :UnitConv
FlagFileMetaData End
BEGIN_ERR 
26 Small mesh segment detected on body : RadiatingSurface
 Small mesh segment detected on body : RadiatingSurface 
 Segment Statistics - Number of Segments : 1 --- Segment length(s) : 0.035000mm. The cutoff frequency for S-Matrix Only Solve is 1.89342605052632MHz 
3 -1  67  68  # nfids, fids[]
2 205  -1  # nbids, bids[]
      7 2 1 0 #ntets ntri ned npts
           4.5000000000000000e+01   7.5000000000000000e+01  -8.2199999999999995e-01 #xyz tv0
           6.0000000000000000e+01   7.5000000000000000e+01  -7.8700000000000003e-01 #xyz tv1
           4.8827879952023821e+01   9.1004381227066290e+01  -1.0550958019429078e+00 #xyz tv2
           6.0000000000000000e+01   7.5000000000000000e+01  -8.2199999999999995e-01 -1 205 #xyz tv3 fid bid
           6.0000000000000000e+01   7.5000000000000000e+01  -7.8700000000000003e-01 #xyz tv0
           7.6933412819709218e+01   8.8185313269590495e+01   1.7197007014330024e+00 #xyz tv1
           4.8827879952023821e+01   9.1004381227066290e+01  -1.0550958019429078e+00 #xyz tv2
           6.0000000000000000e+01   7.5000000000000000e+01  -8.2199999999999995e-01 -1 205 #xyz tv3 fid bid
           6.0000000000000000e+01   7.5000000000000000e+01  -7.8700000000000003e-01 #xyz tv0
           4.5000000000000000e+01   7.5000000000000000e+01  -8.2199999999999995e-01 #xyz tv1
           4.4919010968777457e+01   6.4250504230793922e+01  -7.8700000000000003e-01 #xyz tv2
           6.0000000000000000e+01   7.5000000000000000e+01  -8.2199999999999995e-01 -1 205 #xyz tv3 fid bid
           6.0000000000000000e+01   7.5000000000000000e+01  -8.2199999999999995e-01 #xyz tv0
           7.6933412819709218e+01   8.8185313269590495e+01   1.7197007014330024e+00 #xyz tv1
           7.8736480674722685e+01   5.4932477049612132e+01   7.5375555682491524e-01 #xyz tv2
           6.0000000000000000e+01   7.5000000000000000e+01  -7.8700000000000003e-01 -1 205 #xyz tv3 fid bid
           6.0000000000000000e+01   7.5000000000000000e+01  -8.2199999999999995e-01 #xyz tv0
           4.4919010968777457e+01   6.4250504230793922e+01  -7.8700000000000003e-01 #xyz tv1
           6.0000000000000000e+01   7.5000000000000000e+01  -7.8700000000000003e-01 #xyz tv2
           5.1856056640353685e+01   6.4035378679070533e+01  -7.8700000000000003e-01 -1 205 #xyz tv3 fid bid
           6.0000000000000000e+01   6.5625000000000000e+01  -7.8700000000000003e-01 #xyz tv0
           6.0000000000000000e+01   7.5000000000000000e+01  -8.2199999999999995e-01 #xyz tv1
           7.8736480674722685e+01   5.4932477049612132e+01   7.5375555682491524e-01 #xyz tv2
           6.0000000000000000e+01   7.5000000000000000e+01  -7.8700000000000003e-01 -1 205 #xyz tv3 fid bid
           5.1856056640353685e+01   6.4035378679070533e+01  -7.8700000000000003e-01 #xyz tv0
           6.0000000000000000e+01   7.5000000000000000e+01  -7.8700000000000003e-01 #xyz tv1
           6.0000000000000000e+01   7.5000000000000000e+01  -8.2199999999999995e-01 #xyz tv2
           6.0000000000000000e+01   6.5625000000000000e+01  -7.8700000000000003e-01 -1 205 #xyz tv3 fid bid
           4.5000000000000000e+01   7.5000000000000000e+01  -8.2199999999999995e-01 #xyz tv0
           6.0000000000000000e+01   7.5000000000000000e+01  -7.8700000000000003e-01 #xyz tv1
           6.0000000000000000e+01   7.5000000000000000e+01  -8.2199999999999995e-01 67 -1 #xyz tv2 fid bid
           6.0000000000000000e+01   6.5625000000000000e+01  -7.8700000000000003e-01 #xyz tv0
           6.0000000000000000e+01   7.5000000000000000e+01  -8.2199999999999995e-01 #xyz tv1
           6.0000000000000000e+01   7.5000000000000000e+01  -7.8700000000000003e-01 68 -1 #xyz tv2 fid bid
           6.0000000000000000e+01   7.5000000000000000e+01  -7.8700000000000003e-01 #xyz ev0
           6.0000000000000000e+01   7.5000000000000000e+01  -8.2199999999999995e-01 -1 205 #xyz ev1 fid bid
   0   0.000000000000e+00   0.000000000000e+00   0.000000000000e+00 #flag location
END_ERR 
G3dErrFileVersion 2025R1
FlagFileMetaData Begin
   Mesh Size - Setup2, Refinement, Pass #12, Freq. 2.400000e+09 :Title    
   Listing of mesh elements with poor quality. :ToolTip  
   hf3d :Author   
   1781550136 :TimeStamp
   mm :UnitName 
   1.0000000000000000e-03 :UnitConv
FlagFileMetaData End
BEGIN_ERR 
26 Small mesh segment detected on body : RadiatingSurface
 Small mesh segment detected on body : RadiatingSurface 
 Segment Statistics - Number of Segments : 1 --- Segment length(s) : 0.035000mm. The cutoff frequency for S-Matrix Only Solve is 1.89342605052632MHz 
3 -1  67  68  # nfids, fids[]
2 205  -1  # nbids, bids[]
      7 2 1 0 #ntets ntri ned npts
           4.5000000000000000e+01   7.5000000000000000e+01  -8.2199999999999995e-01 #xyz tv0
           6.0000000000000000e+01   7.5000000000000000e+01  -7.8700000000000003e-01 #xyz tv1
           4.8827879952023821e+01   9.1004381227066290e+01  -1.0550958019429078e+00 #xyz tv2
           6.0000000000000000e+01   7.5000000000000000e+01  -8.2199999999999995e-01 -1 205 #xyz tv3 fid bid
           6.0000000000000000e+01   7.5000000000000000e+01  -7.8700000000000003e-01 #xyz tv0
           7.6933412819709218e+01   8.8185313269590495e+01   1.7197007014330024e+00 #xyz tv1
